desc: 0
in: 1.0 1.0 1.0 1.0 0.0 1.0 1.0 0.0 1.0 1.0 0.0 1.0 1.0 1.0 1.0
out: 1.0 0.0 0.0 0.0 0.0 0.0 0.0 0.0 0.0 0.0
desc: 1
in: 1.0 0.0 0.0 1.0 0.0 0.0 1.0 0.0 0.0 1.0 0.0 0.0 1.0 0.0 0.0
out: 0.0 1.0 0.0 0.0 0.0 0.0 0.0 0.0 0.0 0.0
desc: 1
in: 0.0 1.0 0.0 0.0 1.0 0.0 0.0 1.0 0.0 0.0 1.0 0.0 0.0 1.0 0.0
out: 0.0 1.0 0.0 0.0 0.0 0.0 0.0 0.0 0.0 0.0
desc: 1
in: 0.0 0.0 1.0 0.0 0.0 1.0 0.0 0.0 1.0 0.0 0.0 1.0 0.0 0.0 1.0
out: 0.0 1.0 0.0 0.0 0.0 0.0 0.0 0.0 0.0 0.0
desc: 2
in: 1.0 1.0 1.0 0.0 0.0 1.0 1.0 1.0 1.0 1.0 0.0 0.0 1.0 1.0 1.0
out: 0.0 0.0 1.0 0.0 0.0 0.0 0.0 0.0 0.0 0.0
desc: 3
in: 1.0 1.0 1.0 0.0 0.0 1.0 1.0 1.0 1.0 0.0 0.0 1.0 1.0 1.0 1.0
out: 0.0 0.0 0.0 1.0 0.0 0.0 0.0 0.0 0.0 0.0
desc: 4
in: 1.0 0.0 0.0 1.0 0.0 0.0 1.0 1.0 1.0 0.0 0.0 1.0 0.0 0.0 1.0
out: 0.0 0.0 0.0 0.0 1.0 0.0 0.0 0.0 0.0 0.0
desc: 4
in: 1.0 0.0 1.0 1.0 0.0 1.0 1.0 1.0 1.0 0.0 0.0 1.0 0.0 0.0 1.0
out: 0.0 0.0 0.0 0.0 1.0 0.0 0.0 0.0 0.0 0.0
desc: 5
in: 1.0 1.0 1.0 1.0 0.0 0.0 1.0 1.0 1.0 0.0 0.0 1.0 1.0 1.0 1.0
out: 0.0 0.0 0.0 0.0 0.0 1.0 0.0 0.0 0.0 0.0
desc: 6
in: 1.0 1.0 1.0 1.0 0.0 0.0 1.0 1.0 1.0 1.0 0.0 1.0 1.0 1.0 1.0
out: 0.0 0.0 0.0 0.0 0.0 0.0 1.0 0.0 0.0 0.0
desc: 7
in: 1.0 1.0 1.0 0.0 0.0 1.0 0.0 0.0 1.0 0.0 0.0 1.0 0.0 0.0 1.0
out: 0.0 0.0 0.0 0.0 0.0 0.0 0.0 1.0 0.0 0.0
desc: 7
in: 1.0 1.0 1.0 0.0 0.0 1.0 0.0 1.0 1.0 0.0 0.0 1.0 0.0 0.0 1.0
out: 0.0 0.0 0.0 0.0 0.0 0.0 0.0 1.0 0.0 0.0
desc: 8
in: 1.0 1.0 1.0 1.0 0.0 1.0 1.0 1.0 1.0 1.0 0.0 1.0 1.0 1.0 1.0
out: 0.0 0.0 0.0 0.0 0.0 0.0 0.0 0.0 1.0 0.0
desc: 9
in: 1.0 1.0 1.0 1.0 0.0 1.0 1.0 1.0 1.0 0.0 0.0 1.0 1.0 1.0 1.0
out: 0.0 0.0 0.0 0.0 0.0 0.0 0.0 0.0 0.0 1.0